[( 2,   2) ( 2,   3) ( 2,   4) ( 2,   5) ( 2,   6) ( 2,   7) ( 2,   8)
 ( 2,   9) ( 2,  10) ( 2,  11) ( 2,  12) ( 2,  13) ( 2,  14) ( 2,  15)
 ( 2,  16) ( 2,  17) ( 2,  18) ( 2,  19) ( 2,  20) ( 2,  21) ( 2,  22)
 ( 2,  23) ( 2,  24) ( 2,  25) ( 2,  26) ( 2,  27) ( 2,  28) ( 2,  29)
 ( 2,  30) ( 2,  31) ( 2,  32) ( 2,  33) ( 2,  34) ( 2,  35) ( 2,  36)
 ( 2,  37) ( 2,  38) ( 2,  39) ( 2,  40) ( 2,  41) ( 2,  42) ( 2,  43)
 ( 2,  44) ( 2,  45) ( 2,  46) ( 2,  47) ( 2,  48) ( 2,  49) ( 2,  50)
 ( 2,  51) ( 2,  52) ( 2,  53) ( 2,  54) ( 2,  55) ( 2,  56) ( 2,  57)
 ( 2,  58) ( 2,  59) ( 2,  60) ( 2,  61) ( 2,  62) ( 2,  63) ( 2,  64)
 ( 2,  65) ( 2,  66) ( 2,  67) ( 2,  68) ( 2,  69) ( 2,  70) ( 2,  71)
 ( 2,  72) ( 2,  73) ( 2,  74) ( 2,  75) ( 2,  76) ( 2,  77) ( 2,  78)
 ( 2,  79) ( 2,  80) ( 2,  81) ( 2,  82) ( 2,  83) ( 2,  84) ( 2,  85)
 ( 2,  86) ( 2,  87) ( 2,  88) ( 2,  89) ( 2,  90) ( 2,  91) ( 2,  92)
 ( 2,  93) ( 2,  94) ( 2,  95) ( 2,  96) ( 2,  97) ( 2,  98) ( 2,  99)
 ( 2, 100) ( 2, 101) ( 2, 102) ( 2, 103) ( 2, 104) ( 2, 105) ( 2, 106)
 ( 2, 107) ( 2, 108) ( 2, 109) ( 2, 110) ( 2, 111) ( 2, 112) ( 2, 113)
 ( 2, 114) ( 2, 115) ( 2, 116) ( 2, 117) ( 2, 118) ( 2, 119) ( 2, 120)
 ( 2, 121) ( 2, 122) ( 2, 123) ( 2, 124) ( 2, 125) ( 2, 126) ( 2, 127)
 ( 3,   2) ( 3,   3) ( 3,   4) ( 3,   5) ( 3,   6) ( 3,   7) ( 3,   8)
 ( 3,   9) ( 3,  10) ( 3,  11) ( 3,  12) ( 3,  13) ( 3,  14) ( 3,  15)
 ( 3,  16) ( 3,  17) ( 3,  18) ( 3,  19) ( 3,  20) ( 3,  21) ( 3,  22)
 ( 3,  23) ( 3,  24) ( 3,  25) ( 3,  26) ( 3,  27) ( 3,  28) ( 3,  29)
 ( 3,  30) ( 3,  31) ( 3,  32) ( 3,  33) ( 3,  34) ( 3,  35) ( 3,  36)
 ( 3,  37) ( 3,  38) ( 3,  39) ( 3,  40) ( 3,  41) ( 3,  42) ( 3,  43)
 ( 3,  44) ( 3,  45) ( 3,  46) ( 3,  47) ( 3,  48) ( 3,  49) ( 3,  50)
 ( 3,  51) ( 3,  52) ( 3,  53) ( 3,  54) ( 3,  55) ( 3,  56) ( 3,  57)
 ( 3,  58) ( 3,  59) ( 3,  60) ( 3,  61) ( 3,  62) ( 3,  63) ( 4,   2)
 ( 4,   3) ( 4,   4) ( 4,   5) ( 4,   6) ( 4,   7) ( 4,   8) ( 4,   9)
 ( 4,  10) ( 4,  11) ( 4,  12) ( 4,  13) ( 4,  14) ( 4,  15) ( 4,  16)
 ( 4,  17) ( 4,  18) ( 4,  19) ( 4,  20) ( 4,  21) ( 4,  22) ( 4,  23)
 ( 4,  24) ( 4,  25) ( 4,  26) ( 4,  27) ( 4,  28) ( 4,  29) ( 4,  30)
 ( 4,  31) ( 4,  32) ( 4,  33) ( 4,  34) ( 4,  35) ( 4,  36) ( 4,  37)
 ( 4,  38) ( 4,  39) ( 4,  40) ( 4,  41) ( 4,  42) ( 4,  43) ( 4,  44)
 ( 4,  45) ( 4,  46) ( 4,  47) ( 4,  48) ( 4,  49) ( 4,  50) ( 4,  51)
 ( 4,  52) ( 4,  53) ( 4,  54) ( 4,  55) ( 4,  56) ( 4,  57) ( 4,  58)
 ( 4,  59) ( 4,  60) ( 4,  61) ( 4,  62) ( 4,  63) ( 5,   2) ( 5,   3)
 ( 5,   4) ( 5,   5) ( 5,   6) ( 5,   7) ( 5,   8) ( 5,   9) ( 5,  10)
 ( 5,  11) ( 5,  12) ( 5,  13) ( 5,  14) ( 5,  15) ( 5,  16) ( 5,  17)
 ( 5,  18) ( 5,  19) ( 5,  20) ( 5,  21) ( 5,  22) ( 5,  23) ( 5,  24)
 ( 5,  25) ( 5,  26) ( 5,  27) ( 5,  28) ( 5,  29) ( 5,  30) ( 5,  31)
 ( 6,   2) ( 6,   3) ( 6,   4) ( 6,   5) ( 6,   6) ( 6,   7) ( 6,   8)
 ( 6,   9) ( 6,  10) ( 6,  11) ( 6,  12) ( 6,  13) ( 6,  14) ( 6,  15)
 ( 6,  16) ( 6,  17) ( 6,  18) ( 6,  19) ( 6,  20) ( 6,  21) ( 6,  22)
 ( 6,  23) ( 6,  24) ( 6,  25) ( 6,  26) ( 6,  27) ( 6,  28) ( 6,  29)
 ( 6,  30) ( 6,  31) ( 7,   2) ( 7,   3) ( 7,   4) ( 7,   5) ( 7,   6)
 ( 7,   7) ( 7,   8) ( 7,   9) ( 7,  10) ( 7,  11) ( 7,  12) ( 7,  13)
 ( 7,  14) ( 7,  15) ( 7,  16) ( 7,  17) ( 7,  18) ( 7,  19) ( 7,  20)
 ( 7,  21) ( 7,  22) ( 7,  23) ( 7,  24) ( 7,  25) ( 7,  26) ( 7,  27)
 ( 7,  28) ( 7,  29) ( 7,  30) ( 7,  31) ( 8,   2) ( 8,   3) ( 8,   4)
 ( 8,   5) ( 8,   6) ( 8,   7) ( 8,   8) ( 8,   9) ( 8,  10) ( 8,  11)
 ( 8,  12) ( 8,  13) ( 8,  14) ( 8,  15) ( 8,  16) ( 8,  17) ( 8,  18)
 ( 8,  19) ( 8,  20) ( 8,  21) ( 8,  22) ( 8,  23) ( 8,  24) ( 8,  25)
 ( 8,  26) ( 8,  27) ( 8,  28) ( 8,  29) ( 8,  30) ( 8,  31) ( 9,   2)
 ( 9,   3) ( 9,   4) ( 9,   5) ( 9,   6) ( 9,   7) ( 9,   8) ( 9,   9)
 ( 9,  10) ( 9,  11) ( 9,  12) ( 9,  13) ( 9,  14) ( 9,  15) (10,   2)
 (10,   3) (10,   4) (10,   5) (10,   6) (10,   7) (10,   8) (10,   9)
 (10,  10) (10,  11) (10,  12) (10,  13) (10,  14) (10,  15) (11,   2)
 (11,   3) (11,   4) (11,   5) (11,   6) (11,   7) (11,   8) (11,   9)
 (11,  10) (11,  11) (11,  12) (11,  13) (11,  14) (11,  15) (12,   2)
 (12,   3) (12,   4) (12,   5) (12,   6) (12,   7) (12,   8) (12,   9)
 (12,  10) (12,  11) (12,  12) (12,  13) (12,  14) (12,  15) (13,   2)
 (13,   3) (13,   4) (13,   5) (13,   6) (13,   7) (13,   8) (13,   9)
 (13,  10) (13,  11) (13,  12) (13,  13) (13,  14) (13,  15) (14,   2)
 (14,   3) (14,   4) (14,   5) (14,   6) (14,   7) (14,   8) (14,   9)
 (14,  10) (14,  11) (14,  12) (14,  13) (14,  14) (14,  15) (15,   2)
 (15,   3) (15,   4) (15,   5) (15,   6) (15,   7) (15,   8) (15,   9)
 (15,  10) (15,  11) (15,  12) (15,  13) (15,  14) (15,  15) (16,   2)
 (16,   3) (16,   4) (16,   5) (16,   6) (16,   7) (16,   8) (16,   9)
 (16,  10) (16,  11) (16,  12) (16,  13) (16,  14) (16,  15) (17,   2)
 (17,   3) (17,   4) (17,   5) (17,   6) (17,   7) (18,   2) (18,   3)
 (18,   4) (18,   5) (18,   6) (18,   7) (19,   2) (19,   3) (19,   4)
 (19,   5) (19,   6) (19,   7) (20,   2) (20,   3) (20,   4) (20,   5)
 (20,   6) (20,   7) (21,   2) (21,   3) (21,   4) (21,   5) (21,   6)
 (21,   7) (22,   2) (22,   3) (22,   4) (22,   5) (22,   6) (22,   7)
 (23,   2) (23,   3) (23,   4) (23,   5) (23,   6) (23,   7) (24,   2)
 (24,   3) (24,   4) (24,   5) (24,   6) (24,   7) (25,   2) (25,   3)
 (25,   4) (25,   5) (25,   6) (25,   7) (26,   2) (26,   3) (26,   4)
 (26,   5) (26,   6) (26,   7) (27,   2) (27,   3) (27,   4) (27,   5)
 (27,   6) (27,   7) (28,   2) (28,   3) (28,   4) (28,   5) (28,   6)
 (28,   7) (29,   2) (29,   3) (29,   4) (29,   5) (29,   6) (29,   7)
 (30,   2) (30,   3) (30,   4) (30,   5) (30,   6) (30,   7) (31,   2)
 (31,   3) (31,   4) (31,   5) (31,   6) (31,   7) (32,   2) (32,   3)
 (32,   4) (32,   5) (32,   6) (32,   7) (33,   2) (33,   3) (34,   2)
 (34,   3) (35,   2) (35,   3) (36,   2) (36,   3) (37,   2) (37,   3)
 (38,   2) (38,   3) (39,   2) (39,   3) (40,   2) (40,   3) (41,   2)
 (41,   3) (42,   2) (42,   3) (43,   2) (43,   3) (44,   2) (44,   3)
 (45,   2) (45,   3) (46,   2) (46,   3) (47,   2) (47,   3) (48,   2)
 (48,   3) (49,   2) (49,   3) (50,   2) (50,   3) (51,   2) (51,   3)
 (52,   2) (52,   3) (53,   2) (53,   3) (54,   2) (54,   3) (55,   2)
 (55,   3) (56,   2) (56,   3) (57,   2) (57,   3) (58,   2) (58,   3)
 (59,   2) (59,   3) (60,   2) (60,   3) (61,   2) (61,   3) (62,   2)
 (62,   3) (63,   2) (63,   3) (64,   2) (64,   3)]
642
